500
500
500
500
500
500
500
500
450
400
400
300
300
300
300
300
350
400
450
500
500
500
500
500
500
500
500
500
500
500
500
500
500
400
500
400
500
400
300
400
500
400
300
400
500
400
500
400
300
400
400
400
400
400
400
500
400
300
400
500
400
300
200
400
500
500
400
300
300
300
300
300
300
300
400
500
400
300
400
500
600
600
600
600
600
600
600
600
600
600
600
500
400
300
400
500
400
300
400
500
400
300
400
500
400
300
400
500
400
300
400
500
400
300
400
500
500
500
500
500
500
500
500
500
500
500
500
500
500
500
500
500
500
500
500
500
500
500
500
500
470
440
410
380
350
320
290
260
230
200
170
200
230
260
290
320
350
380
410
440
470
500
500
500
500
500
500
500
500
500
500
500
500
500
500
500
500
500
500
500
500
500
500
500
500
500
500
500
500
450
400
350
300
250
200
150
200
250
300
350
400
450
500
500
500
500
500
500
500
500
500
500
500
500
500
500
500
500
500
500
500
500
500
500
500
500
500
500
500
500
500
500
500
500
500
500
500
500
500
500
500
500
500
500
500
500
500
500
500
500
500
500
500
500
500
500
500
500
500
500
500
500
500
500
500
500
500
500
500
500
500
500